{"app":"com.DefaultCompany.HummingHavoc-ARDK3-Test2","autofocus":1,"captureGroup":{"sequence":0,"uuid":"018aad27-8b34-7027-804d-8d0e0000ffff"},"coordinates":"opengl","depthSource":"none","duration":43.536,"formatVersion":"1","frameCount":515,"framerate":11.806321205439177,"frames":[{"exposure":0.0,"image":"frame_00000000.jpg","intrinsics":[547.4392700195313,547.4392700195313,349.05816650390625,268.50799560546875,0.0],"location":{"altitude":111.43170166015625,"altitudeAccuracy":2.990800619125366,"heading":256.4681396484375,"headingAccuracy":4.987950325012207,"headingTimestamp":1695122161000.0,"latitude":51.447364807128906,"longitude":7.0352396965026855,"positionAccuracy":4.987950325012207,"positionSource":"corelocation","positionTimestamp":1695122161000.0},"pose":[0.0008198486757464707,0.0017580367857590318,0.009703862480819225,-0.026756305247545242,-0.025122523307800293,-0.7167755365371704,0.6963373422622681],"pose4x4":[-0.028796672821044922,-0.9968907833099365,0.07334403693675995,0.0,0.9995795488357544,-0.028966188430786133,-0.0012484081089496613,0.0,0.003369029611349106,0.07327724993228912,0.9973059296607971,0.0,0.0008198486757464707,0.0017580367857590318,0.009703862480819225,1.0],"resolution":[720,540],"sequence":0,"timestamp":1695122164.0,"tracking":2,"trackingReason":0},{"exposure":0.0,"image":"frame_00000001.jpg","intrinsics":[547.4392700195313,547.4392700195313,349.1040344238281,268.38818359375,0.0],"location":{"altitude":111.43170166015625,"altitudeAccuracy":2.990800619125366,"heading":256.4681396484375,"headingAccuracy":4.987950325012207,"headingTimestamp":1695122161000.0,"latitude":51.447364807128906,"longitude":7.0352396965026855,"positionAccuracy":4.987950325012207,"positionSource":"corelocation","positionTimestamp":1695122161000.0},"pose":[0.0006453281384892762,0.0020835227333009243,0.010307222604751587,-0.027167806401848793,-0.019389983266592026,-0.7186316847801208,0.6945891976356506],"pose4x4":[-0.03361499309539795,-0.9972540140151978,0.06598343700170517,0.0,0.9993611574172974,-0.034339189529418945,-0.009872417896986008,0.0,0.012111147865653038,0.06560944020748138,0.9977718591690063,0.0,0.0006453281384892762,0.0020835227333009243,0.010307222604751587,1.0],"resolution":[720,540],"sequence":1,"timestamp":1695122164.083,"tracking":2,"trackingReason":0},{"exposure":0.0,"image":"frame_00000002.jpg","intrinsics":[547.8785400390625,547.8785400390625,349.0586853027344,268.52728271484375,0.0],"location":{"altitude":111.43170166015625,"altitudeAccuracy":2.990800619125366,"heading":256.4681396484375,"headingAccuracy":4.987950325012207,"headingTimestamp":1695122161000.0,"latitude":51.447364807128906,"longitude":7.0352396965026855,"positionAccuracy":4.987950325012207,"positionSource":"corelocation","positionTimestamp":1695122161000.0},"pose":[-0.000517162901815027,0.003042700933292508,0.009972242638468742,-0.027048474177718163,-0.024069540202617645,-0.7180487513542175,0.6950507164001465],"pose4x4":[-0.03234672546386719,-0.996858537197113,0.07230334728956223,0.0,0.9994626641273499,-0.032651305198669434,-0.003033917397260666,0.0,0.005385145545005798,0.0721663236618042,0.9973780512809753,0.0,-0.000517162901815027,0.003042700933292508,0.009972242638468742,1.0],"resolution":[720,540],"sequence":2,"timestamp":1695122164.183,"tracking":2,"trackingReason":0},{"exposure":0.0,"image":"frame_00000003.jpg","intrinsics":[547.6588745117188,547.6588745117188,349.0011291503906,268.52728271484375,0.0],"location":{"altitude":111.43170166015625,"altitudeAccuracy":2.990800619125366,"heading":256.4681396484375,"headingAccuracy":4.987950325012207,"headingTimestamp":1695122161000.0,"latitude":51.447364807128906,"longitude":7.0352396965026855,"positionAccuracy":4.987950325012207,"positionSource":"corelocation","positionTimestamp":1695122161000.0},"pose":[-0.0028648185543715954,0.004234167747199535,0.009585937485098839,-0.026479793712496758,-0.029119951650500298,-0.7156537771224976,0.6973451972007751],"pose4x4":[-0.026016592979431152,-0.996573269367218,0.07851403951644897,0.0,0.9996575713157654,-0.025722980499267578,0.004748493432998657,0.0,-0.002712588757276535,0.07861071825027466,0.9969016909599304,0.0,-0.0028648185543715954,0.004234167747199535,0.009585937485098839,1.0],"resolution":[720,540],"sequence":3,"timestamp":1695122164.283,"tracking":2,"trackingReason":0},{"exposure":0.0,"image":"frame_00000004.jpg","intrinsics":[547.8785400390625,547.8785400390625,348.97564697265625,268.5379943847656,0.0],"location":{"altitude":111.43170166015625,"altitudeAccuracy":2.990800619125366,"heading":256.4681396484375,"headingAccuracy":4.987950325012207,"headingTimestamp":1695122161000.0,"latitude":51.447364807128906,"longitude":7.0352396965026855,"positionAccuracy":4.987950325012207,"positionSource":"corelocation","positionTimestamp":1695122161000.0},"pose":[-0.003786620683968067,0.004710197448730469,0.009737987071275711,-0.026420630514621735,-0.029985561966896057,-0.7155263423919678,0.6974416375160217],"pose4x4":[-0.025754213333129883,-0.9964912533760071,0.07963567972183228,0.0,0.9996601939201355,-0.025352001190185547,0.006057221442461014,0.0,-0.004017043858766556,0.07976461946964264,0.9968056082725525,0.0,-0.003786620683968067,0.004710197448730469,0.009737987071275711,1.0],"resolution":[720,540],"sequence":4,"timestamp":1695122164.383,"tracking":2,"trackingReason":0},{"exposure":0.0,"image":"frame_00000005.jpg","intrinsics":[547.8785400390625,547.8785400390625,348.975830078125,268.55511474609375,0.0],"location":{"altitude":111.43170166015625,"altitudeAccuracy":2.990800619125366,"heading":256.4681396484375,"headingAccuracy":4.987950325012207,"headingTimestamp":1695122161000.0,"latitude":51.447364807128906,"longitude":7.0352396965026855,"positionAccuracy":4.987950325012207,"positionSource":"corelocation","positionTimestamp":1695122161000.0},"pose":[-0.004139348864555359,0.0050190812908113,0.010055646300315857,-0.026490559801459312,-0.029632331803441048,-0.7152180075645447,0.6977700591087341],"pose4x4":[-0.024829745292663574,-0.9965454936027527,0.0792461559176445,0.0,0.9996853470802307,-0.024477005004882813,0.00541851669549942,0.0,-0.0034600570797920227,0.07935579121112823,0.9968403577804565,0.0,-0.004139348864555359,0.0050190812908113,0.010055646300315857,1.0],"resolution":[720,540],"sequence":5,"timestamp":1695122164.483,"tracking":2,"trackingReason":0},{"exposure":0.0,"image":"frame_00000006.jpg","intrinsics":[548.0982055664063,548.0982055664063,348.9582214355469,268.5208435058594,0.0],"location":{"altitude":111.43170166015625,"altitudeAccuracy":2.990800619125366,"heading":256.4681396484375,"headingAccuracy":4.987950325012207,"headingTimestamp":1695122161000.0,"latitude":51.447364807128906,"longitude":7.0352396965026855,"positionAccuracy":4.987950325012207,"positionSource":"corelocation","positionTimestamp":1695122161000.0},"pose":[-0.004406417720019817,0.005526266992092133,0.010538801550865173,-0.026772135868668556,-0.030086489394307137,-0.7142227292060852,0.6987592577934265],"pose4x4":[-0.022038698196411133,-0.9965285658836365,0.08028896152973175,0.0,0.9997504353523254,-0.021661758422851563,0.005562353879213333,0.0,-0.003803890198469162,0.08039146661758423,0.9967561364173889,0.0,-0.004406417720019817,0.005526266992092133,0.010538801550865173,1.0],"resolution":[720,540],"sequence":6,"timestamp":1695122164.583,"tracking":2,"trackingReason":0},{"exposure":0.0,"image":"frame_00000007.jpg","intrinsics":[547.8785400390625,547.8785400390625,349.0101318359375,268.5208435058594,0.0],"location":{"altitude":111.43170166015625,"altitudeAccuracy":2.990800619125366,"heading":256.4681396484375,"headingAccuracy":4.987950325012207,"headingTimestamp":1695122161000.0,"latitude":51.447364807128906,"longitude":7.0352396965026855,"positionAccuracy":4.987950325012207,"positionSource":"corelocation","positionTimestamp":1695122161000.0},"pose":[-0.004777964204549789,0.006037821061909199,0.011595009826123714,-0.025928344577550888,-0.029732100665569305,-0.7133702635765076,0.699675977230072],"pose4x4":[-0.019562244415283203,-0.9967142939567566,0.07859869301319122,0.0,0.9997978806495667,-0.019138813018798828,0.006137114018201828,0.0,-0.004612654447555542,0.07870286703109741,0.9968874454498291,0.0,-0.004777964204549789,0.006037821061909199,0.011595009826123714,1.0],"resolution":[720,540],"sequence":7,"timestamp":1695122164.683,"tracking":2,"trackingReason":0},{"exposure":0.0,"image":"frame_00000008.jpg","intrinsics":[547.6588745117188,547.6588745117188,349.01373291015625,268.447998046875,0.0],"location":{"altitude":111.43170166015625,"altitudeAccuracy":2.990800619125366,"heading":256.4681396484375,"headingAccuracy":4.987950325012207,"headingTimestamp":1695122161000.0,"latitude":51.447364807128906,"longitude":7.0352396965026855,"positionAccuracy":4.987950325012207,"positionSource":"corelocation","positionTimestamp":1695122161000.0},"pose":[-0.004907453432679176,0.005516499280929565,0.012369186617434025,-0.02589961141347885,-0.030754098668694496,-0.7119866013526917,0.7010411024093628],"pose4x4":[-0.015741467475891113,-0.996670663356781,0.0800001248717308,0.0,0.9998567700386047,-0.015191435813903809,0.007479626685380936,0.0,-0.0062394216656684875,0.08010639250278473,0.9967668056488037,0.0,-0.004907453432679176,0.005516499280929565,0.012369186617434025,1.0],"resolution":[720,540],"sequence":8,"timestamp":1695122164.783,"tracking":2,"trackingReason":0},{"exposure":0.0,"image":"frame_00000009.jpg","intrinsics":[548.0982055664063,548.0982055664063,349.004638671875,268.46514892578125,0.0],"location":{"altitude":111.43170166015625,"altitudeAccuracy":2.990800619125366,"heading":256.4681396484375,"headingAccuracy":4.987950325012207,"headingTimestamp":1695122161000.0,"latitude":51.447364807128906,"longitude":7.0352396965026855,"positionAccuracy":4.987950325012207,"positionSource":"corelocation","positionTimestamp":1695122161000.0},"pose":[-0.0051226248033344746,0.005790030118077993,0.014118405990302563,-0.0245750080794096,-0.030884025618433952,-0.7114227414131165,0.7016549110412598],"pose4x4":[-0.014152169227600098,-0.996828556060791,0.07830629497766495,0.0,0.9998644590377808,-0.013452410697937012,0.009456846863031387,0.0,-0.00837341696023941,0.07842954993247986,0.9968844652175903,0.0,-0.0051226248033344746,0.005790030118077993,0.014118405990302563,1.0],"resolution":[720,540],"sequence":9,"timestamp":1695122164.883,"tracking":2,"trackingReason":0},{"exposure":0.0,"image":"frame_00000010.jpg","intrinsics":[547.8785400390625,547.8785400390625,349.0091247558594,268.46087646484375,0.0],"location":{"altitude":111.43170166015625,"altitudeAccuracy":2.990800619125366,"heading":256.4681396484375,"headingAccuracy":4.987950325012207,"headingTimestamp":1695122161000.0,"latitude":51.447364807128906,"longitude":7.0352396965026855,"positionAccuracy":4.987950325012207,"positionSource":"corelocation","positionTimestamp":1695122161000.0},"pose":[-0.004940439946949482,0.006384184118360281,0.015349901281297207,-0.02334320731461048,-0.0315476730465889,-0.7112348079681396,0.7018584609031677],"pose4x4":[-0.013700485229492188,-0.9968994855880737,0.07748900353908539,0.0,0.9998451471328735,-0.012799739837646484,0.012108352035284042,0.0,-0.011078998446464539,0.07764285802841187,0.9969196915626526,0.0,-0.004940439946949482,0.006384184118360281,0.015349901281297207,1.0],"resolution":[720,540],"sequence":10,"timestamp":1695122164.983,"tracking":2,"trackingReason":0},{"exposure":0.0,"image":"frame_00000011.jpg","intrinsics":[548.0982055664063,548.0982055664063,349.0301513671875,268.42230224609375,0.0],"location":{"altitude":111.43170166015625,"altitudeAccuracy":2.990800619125366,"heading":256.4681396484375,"headingAccuracy":4.987950325012207,"headingTimestamp":1695122161000.0,"latitude":51.447364807128906,"longitude":7.0352396965026855,"positionAccuracy":4.987950325012207,"positionSource":"corelocation","positionTimestamp":1695122161000.0},"pose":[-0.004478232003748417,0.006753755267709494,0.01639651507139206,-0.02114972099661827,-0.03258053585886955,-0.7111475467681885,0.701968789100647],"pose4x4":[-0.013584613800048828,-0.997028648853302,0.07582218199968338,0.0,0.9997848868370056,-0.012356281280517578,0.01664624735713005,0.0,-0.015659896656870842,0.07603202760219574,0.9969823956489563,0.0,-0.004478232003748417,0.006753755267709494,0.01639651507139206,1.0],"resolution":[720,540],"sequence":11,"timestamp":1695122165.066,"tracking":2,"trackingReason":0},{"exposure":0.0,"image":"frame_00000012.jpg","intrinsics":[547.8785400390625,547.8785400390625,348.9960632324219,268.43798828125,0.0],"location":{"altitude":111.43170166015625,"altitudeAccuracy":2.990800619125366,"heading":256.4681396484375,"headingAccuracy":4.987950325012207,"headingTimestamp":1695122161000.0,"latitude":51.447364807128906,"longitude":7.0352396965026855,"positionAccuracy":4.987950325012207,"positionSource":"corelocation","positionTimestamp":1695122161000.0},"pose":[-0.0034031174145638943,0.006858502514660358,0.017250260338187218,-0.019316546618938446,-0.03408605605363846,-0.7115553021430969,0.7015368342399597],"pose4x4":[-0.014945626258850098,-0.9970476627349854,0.07531482726335526,0.0,0.9996813535690308,-0.01336812973022461,0.021405689418315887,0.0,-0.020335664972662926,0.07561076432466507,0.9969300031661987,0.0,-0.0034031174145638943,0.006858502514660358,0.017250260338187218,1.0],"resolution":[720,540],"sequence":12,"timestamp":1695122165.149,"tracking":2,"trackingReason":0},{"exposure":0.0,"image":"frame_00000013.jpg","intrinsics":[548.0982055664063,548.0982055664063,349.0216064453125,268.42230224609375,0.0],"location":{"altitude":111.43170166015625,"altitudeAccuracy":2.990800619125366,"heading":256.4681396484375,"headingAccuracy":4.987950325012207,"headingTimestamp":1695122161000.0,"latitude":51.447364807128906,"longitude":7.0352396965026855,"positionAccuracy":4.987950325012207,"positionSource":"corelocation","positionTimestamp":1695122161000.0},"pose":[-0.0031765084713697433,0.006908588111400604,0.017734427005052567,-0.01701532118022442,-0.03597905486822128,-0.7115699052810669,0.7014874815940857],"pose4x4":[-0.015252470970153809,-0.9970903396606445,0.07469289004802704,0.0,0.9995391368865967,-0.013242483139038086,0.0273311547935009,0.0,-0.02626253291964531,0.07507529854774475,0.9968319535255432,0.0,-0.0031765084713697433,0.006908588111400604,0.017734427005052567,1.0],"resolution":[720,540],"sequence":13,"timestamp":1695122165.233,"tracking":2,"trackingReason":0},{"exposure":0.0,"image":"frame_00000014.jpg","intrinsics":[548.31787109375,548.31787109375,349.029541015625,268.370849609375,0.0],"location":{"altitude":111.43170166015625,"altitudeAccuracy":2.990800619125366,"heading":256.4681396484375,"headingAccuracy":4.987950325012207,"headingTimestamp":1695122161000.0,"latitude":51.447364807128906,"longitude":7.0352396965026855,"positionAccuracy":4.987950325012207,"positionSource":"corelocation","positionTimestamp":1695122161000.0},"pose":[-0.0029587207827717066,0.007143286522477865,0.018850278109312057,-0.014880172908306122,-0.03823132812976837,-0.7113919854164124,0.7015967965126038],"pose4x4":[-0.01508033275604248,-0.9970828890800476,0.0748172253370285,0.0,0.9993584752082825,-0.012599945068359375,0.03351515531539917,0.0,-0.03247468173503876,0.07527468353509903,0.9966338872909546,0.0,-0.0029587207827717066,0.007143286522477865,0.018850278109312057,1.0],"resolution":[720,540],"sequence":14,"timestamp":1695122165.316,"tracking":2,"trackingReason":0},{"exposure":0.0,"image":"frame_00000015.jpg","intrinsics":[548.0982055664063,548.0982055664063,349.0078430175781,268.3580322265625,0.0],"location":{"altitude":111.43170166015625,"altitudeAccuracy":2.990800619125366,"heading":256.4681396484375,"headingAccuracy":4.987950325012207,"headingTimestamp":1695122161000.0,"latitude":51.447364807128906,"longitude":7.0352396965026855,"positionAccuracy":4.987950325012207,"positionSource":"corelocation","positionTimestamp":1695122161000.0},"pose":[-0.002796744927763939,0.0070011913776397705,0.019577939063310623,-0.012609254568815231,-0.04085712879896164,-0.7111100554466248,0.7017790675163269],"pose4x4":[-0.014693617820739746,-0.9970539212226868,0.07527849078178406,0.0,0.9991146922111511,-0.0116729736328125,0.040410008281469345,0.0,-0.03941222280263901,0.0758056491613388,0.9963433742523193,0.0,-0.002796744927763939,0.0070011913776397705,0.019577939063310623,1.0],"resolution":[720,540],"sequence":15,"timestamp":1695122165.416,"tracking":2,"trackingReason":0},{"exposure":0.0,"image":"frame_00000016.jpg","intrinsics":[547.8785400390625,547.8785400390625,349.04229736328125,268.34088134765625,0.0],"location":{"altitude":111.43170166015625,"altitudeAccuracy":2.990800619125366,"heading":256.4681396484375,"headingAccuracy":4.987950325012207,"headingTimestamp":1695122161000.0,"latitude":51.447364807128906,"longitude":7.0352396965026855,"positionAccuracy":4.987950325012207,"positionSource":"corelocation","positionTimestamp":1695122161000.0},"pose":[-0.0033691106364130974,0.006808020174503326,0.019492099061608315,-0.01036045327782631,-0.04321708902716637,-0.710347056388855,0.7024471163749695],"pose4x4":[-0.012921333312988281,-0.9970669746398926,0.07543447613716125,0.0,0.9988579750061035,-0.009400606155395508,0.04684292525053024,0.0,-0.04599640518426895,0.07595360279083252,0.9960498809814453,0.0,-0.0033691106364130974,0.006808020174503326,0.019492099061608315,1.0],"resolution":[720,540],"sequence":16,"timestamp":1695122165.499,"tracking":2,"trackingReason":0},{"exposure":0.0,"image":"frame_00000017.jpg","intrinsics":[548.0982055664063,548.0982055664063,349.0202331542969,268.3630065917969,0.0],"location":{"altitude":111.43170166015625,"altitudeAccuracy":2.990800619125366,"heading":256.4681396484375,"headingAccuracy":4.987950325012207,"headingTimestamp":1695122161000.0,"latitude":51.447364807128906,"longitude":7.0352396965026855,"positionAccuracy":4.987950325012207,"positionSource":"corelocation","positionTimestamp":1695122161000.0},"pose":[-0.003738150931894779,0.0066958144307136536,0.01904701068997383,-0.008330886252224445,-0.04608912393450737,-0.7098417282104492,0.7028025388717651],"pose4x4":[-0.011998891830444336,-0.9969891905784607,0.07661032676696777,0.0,0.998525083065033,-0.007889270782470703,0.05372203141450882,0.0,-0.052955880761146545,0.0771419033408165,0.9956128001213074,0.0,-0.003738150931894779,0.0066958144307136536,0.01904701068997383,1.0],"resolution":[720,540],"sequence":17,"timestamp":1695122165.583,"tracking":2,"trackingReason":0},{"exposure":0.0,"image":"frame_00000018.jpg","intrinsics":[548.0982055664063,548.0982055664063,349.0379333496094,268.34515380859375,0.0],"location":{"altitude":111.43170166015625,"altitudeAccuracy":2.990800619125366,"heading":256.4681396484375,"headingAccuracy":4.987950325012207,"headingTimestamp":1695122161000.0,"latitude":51.447364807128906,"longitude":7.0352396965026855,"positionAccuracy":4.987950325012207,"positionSource":"corelocation","positionTimestamp":1695122161000.0},"pose":[-0.003640953451395035,0.006522044539451599,0.018293097615242004,-0.006192042026668787,-0.04920283704996109,-0.7098431587219238,0.7026119232177734],"pose4x4":[-0.012596368789672852,-0.9968792200088501,0.07793176174163818,0.0,0.9980978965759277,-0.007831215858459473,0.06115139275789261,0.0,-0.060350243002176285,0.07855380326509476,0.9950814843177795,0.0,-0.003640953451395035,0.006522044539451599,0.018293097615242004,1.0],"resolution":[720,540],"sequence":18,"timestamp":1695122165.666,"tracking":2,"trackingReason":0},{"exposure":0.0,"image":"frame_00000019.jpg","intrinsics":[548.0982055664063,548.0982055664063,349.0042419433594,268.42230224609375,0.0],"location":{"altitude":111.43170166015625,"altitudeAccuracy":2.990800619125366,"heading":256.4681396484375,"headingAccuracy":4.987950325012207,"headingTimestamp":1695122161000.0,"latitude":51.447364807128906,"longitude":7.0352396965026855,"positionAccuracy":4.987950325012207,"positionSource":"corelocation","positionTimestamp":1695122161000.0},"pose":[-0.0030156634747982025,0.006260327994823456,0.017557518556714058,-0.0038584100548177958,-0.05291052535176277,-0.7097293734550476,0.7024737596511841],"pose4x4":[-0.013030648231506348,-0.9967242479324341,0.07981336861848831,0.0,0.9975408315658569,-0.007461428642272949,0.06968344748020172,0.0,-0.06885965913534164,0.08052517473697662,0.9943711757659912,0.0,-0.0030156634747982025,0.006260327994823456,0.017557518556714058,1.0],"resolution":[720,540],"sequence":19,"timestamp":1695122165.749,"tracking":2,"trackingReason":0},{"exposure":0.0,"image":"frame_00000020.jpg","intrinsics":[548.0982055664063,548.0982055664063,349.0103454589844,268.4237060546875,0.0],"location":{"altitude":111.43170166015625,"altitudeAccuracy":2.990800619125366,"heading":256.4681396484375,"headingAccuracy":4.987950325012207,"headingTimestamp":1695122161000.0,"latitude":51.447364807128906,"longitude":7.0352396965026855,"positionAccuracy":4.987950325012207,"positionSource":"corelocation","positionTimestamp":1695122161000.0},"pose":[-0.0021834776271134615,0.005984408315271139,0.017108721658587456,-0.0010740350699052215,-0.056170206516981125,-0.7097241878509521,0.7022359371185303],"pose4x4":[-0.013727068901062012,-0.9966670274734497,0.08041401207447052,0.0,0.9969083070755005,-0.007419109344482422,0.07822225987911224,0.0,-0.07736493647098541,0.08123916387557983,0.9936875104904175,0.0,-0.0021834776271134615,0.005984408315271139,0.017108721658587456,1.0],"resolution":[720,540],"sequence":20,"timestamp":1695122165.833,"tracking":2,"trackingReason":0},{"exposure":0.0,"image":"frame_00000021.jpg","intrinsics":[548.0982055664063,548.0982055664063,348.97406005859375,268.42657470703125,0.0],"location":{"altitude":111.43170166015625,"altitudeAccuracy":2.990800619125366,"heading":256.4681396484375,"headingAccuracy":4.987950325012207,"headingTimestamp":1695122161000.0,"latitude":51.447364807128906,"longitude":7.0352396965026855,"positionAccuracy":4.987950325012207,"positionSource":"corelocation","positionTimestamp":1695122161000.0},"pose":[-0.0015352414920926094,0.005700312554836273,0.016488011926412582,0.002364705316722393,-0.05931616574525833,-0.7090966701507568,0.7026079893112183],"pose4x4":[-0.012673020362854004,-0.9967145323753357,0.07999841123819351,0.0,0.9961534142494202,-0.005647420883178711,0.0874447152018547,0.0,-0.08670563250780106,0.08079887181520462,0.9929519891738892,0.0,-0.0015352414920926094,0.005700312554836273,0.016488011926412582,1.0],"resolution":[720,540],"sequence":21,"timestamp":1695122165.916,"tracking":2,"trackingReason":0},{"exposure":0.0,"image":"frame_00000022.jpg","intrinsics":[548.0982055664063,548.0982055664063,348.99139404296875,268.4351501464844,0.0],"location":{"altitude":111.43170166015625,"altitudeAccuracy":2.990800619125366,"heading":256.4681396484375,"headingAccuracy":4.987950325012207,"headingTimestamp":1695122161000.0,"latitude":51.447364807128906,"longitude":7.0352396965026855,"positionAccuracy":4.987950325012207,"positionSource":"corelocation","positionTimestamp":1695122161000.0},"pose":[-0.0018571431282907724,0.005732154008001089,0.01573917455971241,0.005738529842346907,-0.06306657940149307,-0.7086514830589294,0.7027113437652588],"pose4x4":[-0.012328743934631348,-0.9966787099838257,0.0805019661784172,0.0,0.995231032371521,-0.004439711570739746,0.09744951128959656,0.0,-0.09676843136548996,0.08131939172744751,0.9919793605804443,0.0,-0.0018571431282907724,0.005732154008001089,0.01573917455971241,1.0],"resolution":[720,540],"sequence":22,"timestamp":1695122165.999,"tracking":2,"trackingReason":0},{"exposure":0.0,"image":"frame_00000023.jpg","intrinsics":[548.0982055664063,548.0982055664063,348.9808654785156,268.409423828125,0.0],"location":{"altitude":111.43170166015625,"altitudeAccuracy":2.990800619125366,"heading":256.4681396484375,"headingAccuracy":4.987950325012207,"headingTimestamp":1695122161000.0,"latitude":51.447364807128906,"longitude":7.0352396965026855,"positionAccuracy":4.987950325012207,"positionSource":"corelocation","positionTimestamp":1695122161000.0},"pose":[-0.0019858162850141525,0.0059218332171440125,0.014828808605670929,0.008599499240517616,-0.06642184406518936,-0.707634687423706,0.7033970355987549],"pose4x4":[-0.010317444801330566,-0.9966386556625366,0.08127125352621078,0.0,0.9943538904190063,-0.0016416311264038086,0.10610252618789673,0.0,-0.10561246424913406,0.08190707862377167,0.991028368473053,0.0,-0.0019858162850141525,0.0059218332171440125,0.014828808605670929,1.0],"resolution":[720,540],"sequence":23,"timestamp":1695122166.082,"tracking":2,"trackingReason":0},{"exposure":0.0,"image":"frame_00000024.jpg","intrinsics":[548.0982055664063,548.0982055664063,348.9481506347656,268.4522705078125,0.0],"location":{"altitude":111.43170166015625,"altitudeAccuracy":2.990800619125366,"heading":256.4681396484375,"headingAccuracy":4.987950325012207,"headingTimestamp":1695122161000.0,"latitude":51.447364807128906,"longitude":7.0352396965026855,"positionAccuracy":4.987950325012207,"positionSource":"corelocation","positionTimestamp":1695122161000.0},"pose":[-0.002270297147333622,0.006039276719093323,0.01388075016438961,0.010399503633379936,-0.07079649716615677,-0.7061228156089783,0.7044645547866821],"pose4x4":[-0.007243156433105469,-0.9963494539260864,0.08506059646606445,0.0,0.9934045076370239,0.002564847469329834,0.114634208381176,0.0,-0.1144338995218277,0.08532988280057907,0.9897593855857849,0.0,-0.002270297147333622,0.006039276719093323,0.01388075016438961,1.0],"resolution":[720,540],"sequence":24,"timestamp":1695122166.166,"tracking":2,"trackingReason":0},{"exposure":0.0,"image":"frame_00000025.jpg","intrinsics":[548.0982055664063,548.0982055664063,348.99945068359375,268.39227294921875,0.0],"location":{"altitude":111.43170166015625,"altitudeAccuracy":2.990800619125366,"heading":256.4681396484375,"headingAccuracy":4.987950325012207,"headingTimestamp":1695122161000.0,"latitude":51.447364807128906,"longitude":7.0352396965026855,"positionAccuracy":4.987950325012207,"positionSource":"corelocation","positionTimestamp":1695122161000.0},"pose":[-0.0027580801397562027,0.006359219551086426,0.013344621285796165,0.01323231216520071,-0.07409462332725525,-0.7050230503082275,0.7051792740821838],"pose4x4":[-0.005095005035400391,-0.9962961673736572,0.0858418196439743,0.0,0.9923744201660156,0.005534827709197998,0.12313913553953171,0.0,-0.12315815687179565,0.08581452816724777,0.9886698126792908,0.0,-0.0027580801397562027,0.006359219551086426,0.013344621285796165,1.0],"resolution":[720,540],"sequence":25,"timestamp":1695122166.249,"tracking":2,"trackingReason":0},{"exposure":0.0,"image":"frame_00000026.jpg","intrinsics":[548.0982055664063,548.0982055664063,349.0259704589844,268.4351501464844,0.0],"location":{"altitude":111.43170166015625,"altitudeAccuracy":2.990800619125366,"heading":256.4681396484375,"headingAccuracy":4.987950325012207,"headingTimestamp":1695122161000.0,"latitude":51.447364807128906,"longitude":7.0352396965026855,"positionAccuracy":4.987950325012207,"positionSource":"corelocation","positionTimestamp":1695122161000.0},"pose":[-0.0023470143787562847,0.006366823799908161,0.012434178031980991,0.01740753836929798,-0.07809599488973618,-0.7046685218811035,0.7050104141235352],"pose4x4":[-0.005313396453857422,-0.9963161945343018,0.08558389544487,0.0,0.9908783435821533,0.006278514862060547,0.13460856676101685,0.0,-0.1346500664949417,0.08551858365535736,0.9871959686279297,0.0,-0.0023470143787562847,0.006366823799908161,0.012434178031980991,1.0],"resolution":[720,540],"sequence":26,"timestamp":1695122166.349,"tracking":2,"trackingReason":0},{"exposure":0.0,"image":"frame_00000027.jpg","intrinsics":[548.0982055664063,548.0982055664063,349.0098571777344,268.37371826171875,0.0],"location":{"altitude":111.43170166015625,"altitudeAccuracy":2.990800619125366,"heading":256.4681396484375,"headingAccuracy":4.987950325012207,"headingTimestamp":1695122161000.0,"latitude":51.447364807128906,"longitude":7.0352396965026855,"positionAccuracy":4.987950325012207,"positionSource":"corelocation","positionTimestamp":1695122161000.0},"pose":[-0.0026818905025720596,0.005916491150856018,0.011288288049399853,0.01990588754415512,-0.08242256939411163,-0.7042389512062073,0.7048812508583069],"pose4x4":[-0.005491971969604492,-0.9960910677909851,0.0881592407822609,0.0,0.989528238773346,0.007302522659301758,0.1441529393196106,0.0,-0.14423324167728424,0.08802779018878937,0.9856205582618713,0.0,-0.0026818905025720596,0.005916491150856018,0.011288288049399853,1.0],"resolution":[720,540],"sequence":27,"timestamp":1695122166.432,"tracking":2,"trackingReason":0},{"exposure":0.0,"image":"frame_00000028.jpg","intrinsics":[548.0982055664063,548.0982055664063,349.0168151855469,268.3665771484375,0.0],"location":{"altitude":111.43170166015625,"altitudeAccuracy":2.990800619125366,"heading":256.4681396484375,"headingAccuracy":4.987950325012207,"headingTimestamp":1695122161000.0,"latitude":51.447364807128906,"longitude":7.0352396965026855,"positionAccuracy":4.987950325012207,"positionSource":"corelocation","positionTimestamp":1695122161000.0},"pose":[-0.003218963975086808,0.0056082881055772305,0.010517103597521782,0.022261636331677437,-0.08580686151981354,-0.7040279507637024,0.7046176791191101],"pose4x4":[-0.00603640079498291,-0.9959614872932434,0.08957643806934357,0.0,0.9883206486701965,0.007698118686676025,0.15219274163246155,0.0,-0.1522676944732666,0.0894489735364914,0.9842832088470459,0.0,-0.003218963975086808,0.0056082881055772305,0.010517103597521782,1.0],"resolution":[720,540],"sequence":28,"timestamp":1695122166.516,"tracking":2,"trackingReason":0},{"exposure":0.0,"image":"frame_00000029.jpg","intrinsics":[548.0982055664063,548.0982055664063,349.0601501464844,268.3665771484375,0.0],"location":{"altitude":111.43170166015625,"altitudeAccuracy":2.990800619125366,"heading":256.4681396484375,"headingAccuracy":4.987950325012207,"headingTimestamp":1695122161000.0,"latitude":51.447364807128906,"longitude":7.0352396965026855,"positionAccuracy":4.987950325012207,"positionSource":"corelocation","positionTimestamp":1695122161000.0},"pose":[-0.004003418609499931,0.0053122639656066895,0.010030888020992279,0.024959351867437363,-0.08984731137752533,-0.7039316296577454,0.7041201591491699],"pose4x4":[-0.007184505462646484,-0.9957899451255798,0.09138725697994232,0.0,0.9868198037147522,0.007714629173278809,0.16164149343967438,0.0,-0.16166596114635468,0.091343954205513,0.98260897397995,0.0,-0.004003418609499931,0.0053122639656066895,0.010030888020992279,1.0],"resolution":[720,540],"sequence":29,"timestamp":1695122166.616,"tracking":2,"trackingReason":0},{"exposure":0.0,"image":"frame_00000030.jpg","intrinsics":[548.0982055664063,548.0982055664063,349.04931640625,268.3558654785156,0.0],"location":{"altitude":111.43170166015625,"altitudeAccuracy":2.990800619125366,"heading":256.4681396484375,"headingAccuracy":4.987950325012207,"headingTimestamp":1695122161000.0,"latitude":51.447364807128906,"longitude":7.0352396965026855,"positionAccuracy":4.987950325012207,"positionSource":"corelocation","positionTimestamp":1695122161000.0},"pose":[-0.004599319770932198,0.005142509937286377,0.008803950622677803,0.02665121480822563,-0.0941387191414833,-0.7038306593894958,0.7035976648330688],"pose4x4":[-0.00847935676574707,-0.9954450130462646,0.0949556827545166,0.0,0.9854093790054321,0.007824242115020752,0.17001889646053314,0.0,-0.16998744010925293,0.09501196444034576,0.9808552265167236,0.0,-0.004599319770932198,0.005142509937286377,0.008803950622677803,1.0],"resolution":[720,540],"sequence":30,"timestamp":1695122166.732,"tracking":2,"trackingReason":0},{"exposure":0.0,"image":"frame_00000031.jpg","intrinsics":[548.31787109375,548.31787109375,349.02178955078125,268.4051513671875,0.0],"location":{"altitude":111.43170166015625,"altitudeAccuracy":2.990800619125366,"heading":256.4681396484375,"headingAccuracy":4.987950325012207,"headingTimestamp":1695122161000.0,"latitude":51.447364807128906,"longitude":7.0352396965026855,"positionAccuracy":4.987950325012207,"positionSource":"corelocation","positionTimestamp":1695122161000.0},"pose":[-0.004633977077901363,0.004850760102272034,0.007531745359301567,0.026949318125844002,-0.09674825519323349,-0.7039703130722046,0.7030929923057556],"pose4x4":[-0.009868860244750977,-0.9951277375221252,0.09810300171375275,0.0,0.9846985936164856,0.007399082183837891,0.17411155998706818,0.0,-0.17398907244205475,0.09832005202770233,0.9798270463943481,0.0,-0.004633977077901363,0.004850760102272034,0.007531745359301567,1.0],"resolution":[720,540],"sequence":31,"timestamp":1695122166.816,"tracking":2,"trackingReason":0},{"exposure":0.0,"image":"frame_00000032.jpg","intrinsics":[548.0982055664063,548.0982055664063,349.043212890625,268.38372802734375,0.0],"location":{"altitude":111.43170166015625,"altitudeAccuracy":2.990800619125366,"heading":256.4681396484375,"headingAccuracy":4.987950325012207,"headingTimestamp":1695122161000.0,"latitude":51.447364807128906,"longitude":7.0352396965026855,"positionAccuracy":4.987950325012207,"positionSource":"corelocation","positionTimestamp":1695122161000.0},"pose":[-0.005126193165779114,0.004164164420217276,0.006503844168037176,0.02643764205276966,-0.09894891828298569,-0.703713595867157,0.7030627727508545],"pose4x4":[-0.010007381439208984,-0.9947416186332703,0.10192554444074631,0.0,0.9842776656150818,0.008176445960998535,0.17643803358078003,0.0,-0.1763436496257782,0.10208874940872192,0.9790202975273132,0.0,-0.005126193165779114,0.004164164420217276,0.006503844168037176,1.0],"resolution":[720,540],"sequence":32,"timestamp":1695122166.899,"tracking":2,"trackingReason":0},{"exposure":0.0,"image":"frame_00000033.jpg","intrinsics":[548.0982055664063,548.0982055664063,349.0712890625,268.3772888183594,0.0],"location":{"altitude":111.43170166015625,"altitudeAccuracy":2.990800619125366,"heading":256.4681396484375,"headingAccuracy":4.987950325012207,"headingTimestamp":1695122161000.0,"latitude":51.447364807128906,"longitude":7.0352396965026855,"positionAccuracy":4.987950325012207,"positionSource":"corelocation","positionTimestamp":1695122161000.0},"pose":[-0.005420452915132046,0.0030585601925849915,0.0056531596928834915,0.024911176413297653,-0.10115037113428116,-0.7042962312698364,0.7022213339805603],"pose4x4":[-0.012529134750366211,-0.9941832423210144,0.10697019845247269,0.0,0.9841040968894958,0.006692469120025635,0.17746596038341522,0.0,-0.17714959383010864,0.1074933260679245,0.9782960414886475,0.0,-0.005420452915132046,0.0030585601925849915,0.0056531596928834915,1.0],"resolution":[720,540],"sequence":33,"timestamp":1695122166.982,"tracking":2,"trackingReason":0},{"exposure":0.0,"image":"frame_00000034.jpg","intrinsics":[548.0982055664063,548.0982055664063,349.06524658203125,268.4137268066406,0.0],"location":{"altitude":111.43170166015625,"altitudeAccuracy":2.990800619125366,"heading":256.4681396484375,"headingAccuracy":4.987950325012207,"headingTimestamp":1695122161000.0,"latitude":51.447364807128906,"longitude":7.0352396965026855,"positionAccuracy":4.987950325012207,"positionSource":"corelocation","positionTimestamp":1695122161000.0},"pose":[-0.006135462783277035,0.001385129988193512,0.003660924732685089,0.022245660424232483,-0.10408960282802582,-0.7048302888870239,0.7013448476791382],"pose4x4":[-0.015240788459777832,-0.9932892918586731,0.11464657634496689,0.0,0.984027087688446,0.005438804626464844,0.17793476581573486,0.0,-0.17736423015594482,0.11552724242210388,0.9773409962654114,0.0,-0.006135462783277035,0.001385129988193512,0.003660924732685089,1.0],"resolution":[720,540],"sequence":34,"timestamp":1695122167.065,"tracking":2,"trackingReason":0},{"exposure":0.0,"image":"frame_00000035.jpg","intrinsics":[548.0982055664063,548.0982055664063,349.1247253417969,268.3113708496094,0.0],"location":{"altitude":111.43170166015625,"altitudeAccuracy":2.990800619125366,"heading":256.4681396484375,"headingAccuracy":4.987950325012207,"headingTimestamp":1695122161000.0,"latitude":51.447364807128906,"longitude":7.0352396965026855,"positionAccuracy":4.987950325012207,"positionSource":"corelocation","positionTimestamp":1695122161000.0},"pose":[-0.007065641228109598,-0.00011121481657028198,0.0019140075892210007,0.01903904788196087,-0.1065024733543396,-0.7050104737281799,0.7008956074714661],"pose4x4":[-0.016765117645263672,-0.992332935333252,0.12244877219200134,0.0,0.9842220544815063,0.005195498466491699,0.17685948312282562,0.0,-0.1761396825313568,0.12348194420337677,0.9765895009040833,0.0,-0.007065641228109598,-0.00011121481657028198,0.0019140075892210007,1.0],"resolution":[720,540],"sequence":35,"timestamp":1695122167.149,"tracking":2,"trackingReason":0},{"exposure":0.0,"image":"frame_00000036.jpg","intrinsics":[547.8785400390625,547.8785400390625,349.12054443359375,268.3242492675781,0.0],"location":{"altitude":111.43170166015625,"altitudeAccuracy":2.990800619125366,"heading":256.4681396484375,"headingAccuracy":4.987950325012207,"headingTimestamp":1695122161000.0,"latitude":51.447364807128906,"longitude":7.0352396965026855,"positionAccuracy":4.987950325012207,"positionSource":"corelocation","positionTimestamp":1695122161000.0},"pose":[-0.007245009299367666,-0.0009421035647392273,0.0012617912143468857,0.015244008973240852,-0.10929903388023376,-0.7053587436676025,0.700207531452179],"pose4x4":[-0.01895451545715332,-0.9911273121833801,0.13155901432037354,0.0,0.9844626784324646,0.004473328590393066,0.17553800344467163,0.0,-0.1745690107345581,0.13284212350845337,0.9756426811218262,0.0,-0.007245009299367666,-0.0009421035647392273,0.0012617912143468857,1.0],"resolution":[720,540],"sequence":36,"timestamp":1695122167.232,"tracking":2,"trackingReason":0},{"exposure":0.0,"image":"frame_00000037.jpg","intrinsics":[547.8785400390625,547.8785400390625,349.11846923828125,268.3528137207031,0.0],"location":{"altitude":111.43170166015625,"altitudeAccuracy":2.990800619125366,"heading":256.4681396484375,"headingAccuracy":4.987950325012207,"headingTimestamp":1695122161000.0,"latitude":51.447364807128906,"longitude":7.0352396965026855,"positionAccuracy":4.987950325012207,"positionSource":"corelocation","positionTimestamp":1695122161000.0},"pose":[-0.007086152210831642,-0.0019288510084152222,0.0008851755410432816,0.011598115786910057,-0.11144602298736572,-0.7059619426727295,0.6993300318717957],"pose4x4":[-0.02160501480102539,-0.9899858832359314,0.13949944078922272,0.0,0.9848156571388245,0.0029664039611816406,0.17357511818408966,0.0,-0.17225076258182526,0.1411314755678177,0.9748905301094055,0.0,-0.007086152210831642,-0.0019288510084152222,0.0008851755410432816,1.0],"resolution":[720,540],"sequence":37,"timestamp":1695122167.315,"tracking":2,"trackingReason":0},{"exposure":0.0,"image":"frame_00000038.jpg","intrinsics":[547.8785400390625,547.8785400390625,349.1087646484375,268.3885192871094,0.0],"location":{"altitude":111.43170166015625,"altitudeAccuracy":2.990800619125366,"heading":256.4681396484375,"headingAccuracy":4.987950325012207,"headingTimestamp":1695122161000.0,"latitude":51.447364807128906,"longitude":7.0352396965026855,"positionAccuracy":4.987950325012207,"positionSource":"corelocation","positionTimestamp":1695122161000.0},"pose":[-0.007441721390932798,-0.002700554672628641,0.00021760360687039793,0.007454347796738148,-0.1137811467051506,-0.7058640718460083,0.6991094946861267],"pose4x4":[-0.022380471229553223,-0.9886488914489746,0.14856745302677155,0.0,0.9852561950683594,0.0034006834030151367,0.17105086147785187,0.0,-0.16961447894573212,0.15020523965358734,0.9739965796470642,0.0,-0.007441721390932798,-0.002700554672628641,0.00021760360687039793,1.0],"resolution":[720,540],"sequence":38,"timestamp":1695122167.399,"tracking":2,"trackingReason":0},{"exposure":0.0,"image":"frame_00000039.jpg","intrinsics":[548.31787109375,548.31787109375,349.10040283203125,268.4142150878906,0.0],"location":{"altitude":111.43170166015625,"altitudeAccuracy":2.990800619125366,"heading":256.4681396484375,"headingAccuracy":4.987950325012207,"headingTimestamp":1695122161000.0,"latitude":51.447364807128906,"longitude":7.0352396965026855,"positionAccuracy":4.987950325012207,"position